%YAML:1.0
intrisics_left: !!opencv-matrix
   rows: 3
   cols: 3
   dt: f
   data: [ 5.472646202725834e+02, 0., 3.187670582448887e+02, 0., 
           5.505903763837337e+02, 2.329718856355844e+02, 0., 0., 1. ]
intrisics_right: !!opencv-matrix
   rows: 3
   cols: 3
   dt: f
   data: [ 5.658110144398725e+02, 0., 3.271863574138911e+02, 0.,
           5.672927145001514e+02, 2.409443325363769e+02, 0., 0., 1. ]
distortion_left: !!opencv-matrix
   rows: 5
   cols: 1
   dt: f
   data: [ -3.7343260489996e-02, -8.4519242797800e-02, 0.,
       0., 0. ]
distortion_right: !!opencv-matrix
   rows: 5
   cols: 1
   dt: f
   data: [ -6.4034818349267e-02, 1.28570397403877e-01, 0.,
       0., 0. ]
ext_rotation: !!opencv-matrix
   rows: 3
   cols: 3
   dt: f
   data: [ 9.99920729103763e-01, -3.498025261551e-03, 1.2095425906912e-02,
       3.252875284531e-03, 9.99790089191520e-01, 2.0228602442950e-02, 
       -1.2163647108632e-02, -2.0187653991517e-02, 9.99722213575019e-01 ]
ext_translation: !!opencv-matrix
   rows: 3
   cols: 1
   dt: f
   data: [ -5.4582133596401569e+01, 3.605596727589137e+00, 1.7345205438213142e+01 ]
width: 640
height: 480
